{
  "volume_cm3": 53.6520098,
  "surface_area_cm2": 204.450177,
  "approx_material_volume_cm3": 25.426066515000002,
  "approx_weight_grams": 31.528322478600003,
  "approx_cost": 1.4503028340156001
}