{
  "volume_cm3": 50.614463199999996,
  "surface_area_cm2": 203.183557,
  "approx_material_volume_cm3": 24.862771825,
  "approx_weight_grams": 30.829837063,
  "approx_cost": 1.418172504898
}