{
  "volume_cm3": 53.6520097,
  "surface_area_cm2": 204.45017800000002,
  "approx_material_volume_cm3": 25.426066585,
  "approx_weight_grams": 31.5283225654,
  "approx_cost": 1.4503028380084002
}