{
  "volume_cm3": 23.523503,
  "surface_area_cm2": 83.269917,
  "approx_material_volume_cm3": 10.606468395,
  "approx_weight_grams": 13.1520208098,
  "approx_cost": 0.6049929572508
}