{
  "volume_cm3": 11.8509475,
  "surface_area_cm2": 157.020666,
  "approx_material_volume_cm3": 11.8509475,
  "approx_weight_grams": 14.6951749,
  "approx_cost": 0.6759780454
}