{
  "volume_cm3": 23.7038152,
  "surface_area_cm2": 253.17339,
  "approx_material_volume_cm3": 23.7038152,
  "approx_weight_grams": 29.392730848000003,
  "approx_cost": 1.352065619008
}