{
  "volume_cm3": 19.938603500000003,
  "surface_area_cm2": 228.70420900000002,
  "approx_material_volume_cm3": 19.938603500000003,
  "approx_weight_grams": 24.723868340000003,
  "approx_cost": 1.1372979436400001
}