{
  "volume_cm3": 9.7613025,
  "surface_area_cm2": 124.852128,
  "approx_material_volume_cm3": 9.7613025,
  "approx_weight_grams": 12.1040151,
  "approx_cost": 0.5567846946
}