{
  "volume_cm3": 11.7245963,
  "surface_area_cm2": 157.53441500000002,
  "approx_material_volume_cm3": 11.7245963,
  "approx_weight_grams": 14.538499412,
  "approx_cost": 0.6687709729519999
}