{
  "volume_cm3": 10.8592999,
  "surface_area_cm2": 144.245763,
  "approx_material_volume_cm3": 10.8592999,
  "approx_weight_grams": 13.465531876,
  "approx_cost": 0.6194144662959999
}