{
  "volume_cm3": 79.2522584,
  "surface_area_cm2": 390.714899,
  "approx_material_volume_cm3": 45.098605175,
  "approx_weight_grams": 55.922270417,
  "approx_cost": 2.572424439182
}