{
  "volume_cm3": 75.0718889,
  "surface_area_cm2": 389.658997,
  "approx_material_volume_cm3": 44.38179808,
  "approx_weight_grams": 55.03342961920001,
  "approx_cost": 2.5315377624832003
}