{
  "volume_cm3": 8.4127407,
  "surface_area_cm2": 68.87979,
  "approx_material_volume_cm3": 7.116693255,
  "approx_weight_grams": 8.8246996362,
  "approx_cost": 0.40593618326520003
}