{
  "volume_cm3": 7.9575554,
  "surface_area_cm2": 68.476117,
  "approx_material_volume_cm3": 7.014103255000001,
  "approx_weight_grams": 8.697488036200001,
  "approx_cost": 0.40008444966520007
}