{
  "volume_cm3": 8.5611861,
  "surface_area_cm2": 69.551288,
  "approx_material_volume_cm3": 7.196037395,
  "approx_weight_grams": 8.9230863698,
  "approx_cost": 0.4104619730108
}