{
  "volume_cm3": 134.6039486,
  "surface_area_cm2": 1514.457553,
  "approx_material_volume_cm3": 134.6039486,
  "approx_weight_grams": 166.908896264,
  "approx_cost": 7.677809228144
}