{
  "volume_cm3": 13.8532886,
  "surface_area_cm2": 179.519088,
  "approx_material_volume_cm3": 13.8532886,
  "approx_weight_grams": 17.178077864000002,
  "approx_cost": 0.7901915817440002
}